ttime
0.16
0.28
0.16
0.25
0.31
0.42
0.85
1.12
1.20
1.12
1.06
1.11
1.14
1.05
1.14
1.98
1.82
1.76
1.79
1.69
1.88
2.04
1.92
1.87
1.92
1.84
2.04
1.95
2.24
2.00
2.58
2.77
2.88
2.82
3.67
3.36
3.65
4.54
3.66
3.58
2.88
3.58
2.92
3.03
3.24
4.25
3.31
3.25
3.21
3.32
3.34
3.23
3.37
3.42
3.89
3.49
3.47
3.59
3.73
4.47
3.68
3.80
4.59
2.81
3.58
3.41
4.43
4.25
4.26
4.87
4.02
4.54
4.17
4.97
5.52
4.40
4.69
4.19
4.55
4.95
5.04
5.94
6.32
5.34
5.43
5.44
5.89
5.92
5.86
6.09
6.14
6.65
7.89
6.17
6.56
6.37
6.27
6.15
7.36
6.40
7.26
6.98
9.89
7.88
7.76
6.78
6.80
7.15
6.99
7.52
6.98
7.26
7.30
7.13
7.56
7.66
8.15
7.05
8.89
7.67
7.72
8.60
8.54
7.65
8.43
7.53
7.16
6.10
6.59
6.86
7.23
7.49
7.50
7.45
7.56
7.71
9.04
7.76
10.37
8.83
8.79
9.25
9.53
10.08
9.36
9.71
9.27
9.10
10.25
9.94
9.47
9.39
11.96
10.11
13.86
11.37
12.49
9.79
9.88
11.34
13.22
12.13
17.75
13.23
12.80
14.52
14.31
14.79
15.60
12.89
12.58
12.40
12.38
14.22
16.54
12.80
12.55
12.67
11.54
12.23
12.41
13.18
12.85
16.34
13.49
13.46
13.19
13.89
13.17
13.51
13.32
13.33
13.58
16.89
13.52
21.31
14.50
20.97
16.16
13.80
14.63
15.44
15.36
14.44
15.18
15.19
16.25
14.31
16.85
15.09
16.42
15.23
16.02
19.59
19.14
18.28
17.36
18.76
18.28
18.77
18.15
19.05
16.83
17.82
22.11
18.88
24.17
17.87
25.34
18.34
19.30
17.56
17.75
18.69
19.99
19.41
19.84
21.64
21.41
20.26
20.23
22.54
22.14
26.42
23.67
21.99
22.81
26.63
21.95
23.63
23.10
24.96
21.01
20.96
9.19