ttime
0.18
0.52
0.44
0.92
0.96
1.03
1.02
1.74
1.85
1.94
2.17
1.98
2.26
2.27
1.47
2.21
2.66
2.76
2.82
2.83
2.62
10.09
2.89
2.95
3.06
3.12
3.12
3.04
3.18
9.15
3.35
3.24
5.26
3.38
3.44
3.48
3.54
4.49
3.62
4.56
3.74
4.16
3.86
3.82
3.76
5.87
3.82
3.84
4.17
3.84
3.94
3.87
3.92
5.91
3.96
3.95
3.85
3.88
3.82
3.89
6.85
3.92
4.05
6.32
6.26
5.32
6.40
5.27
6.28
6.50
5.32
5.31
5.36
5.33
5.28
5.30
6.75
5.50
5.41
5.29
7.55
5.34
6.86
5.73
14.97
6.85
6.64
6.83
5.73
10.08
6.55
9.48
6.90
6.49
5.93
5.88
5.31
5.28
5.61
5.60
5.40
5.34
5.36
5.82
5.56
6.41
5.36
7.53
6.96
6.54
6.59
5.78
5.72
6.74
5.82
5.83
5.75
5.80
5.89
5.83
7.00
5.34
7.60
7.80
5.49
5.08
5.31
7.78
8.29
8.14
8.56
8.35
8.64
9.73
10.38
11.16
10.35
11.77
11.36
11.30
12.69
11.73
13.40
14.05
13.25
15.43
22.04
16.41
17.83
17.70
24.25
20.29
21.28
37.25
20.98
34.69
24.22
24.36
23.30
32.49
28.62
35.75
30.09
35.39
46.63
33.97
38.90
37.92
37.87
42.83
36.06
40.43
46.51
36.38
38.39
53.85
42.66
48.07
51.04
48.23
50.03
45.49
45.61
50.60
53.85
55.33
47.58
50.81
58.03
52.75
51.33
51.36
57.38
50.34
51.00
69.67
50.67
50.90
54.77
52.44
50.69
58.17
58.47
59.15
58.19
51.18
47.30
57.85
55.05
50.78
58.54
52.90
62.84
47.70
58.76
48.35
52.34
60.74
54.54
47.48
45.44
49.55
57.16
55.35
48.57
44.69
47.11
44.08
42.59
41.03
57.56
45.53
42.17
43.97
47.60
40.76
42.46
42.20
47.21
43.57
48.18
42.00
43.45
48.77
42.23
44.81
44.00
40.71
40.70
41.75
43.63
46.62
43.20
54.06
12.34