ttime
0.16
0.28
0.18
0.32
0.36
0.48
0.86
1.09
1.24
1.13
1.16
1.23
1.26
1.29
1.23
1.74
1.73
1.84
1.81
1.89
1.85
1.92
1.94
1.91
1.89
1.85
1.90
1.91
1.90
2.12
1.85
2.61
2.55
2.49
2.48
2.56
2.48
2.60
2.61
2.54
2.53
2.54
2.57
2.63
2.58
2.68
2.68
2.61
2.84
2.79
2.72
2.62
2.60
2.62
2.60
2.59
2.57
2.60
2.55
2.63
2.59
2.70
2.18
2.09
2.00
2.04
3.39
2.23
2.37
2.28
2.49
3.07
2.51
2.50
2.53
2.66
2.61
2.64
3.19
2.78
2.79
3.08
2.75
2.97
2.88
2.91
2.86
2.95
3.00
3.04
3.02
3.13
3.18
3.84
3.13
3.71
3.38
3.33
3.35
3.52
3.55
3.30
3.46
3.50
3.48
3.52
3.60
3.69
3.55
4.12
3.62
3.69
3.64
3.69
3.73
3.83
3.90
3.89
3.93
4.23
3.66
3.92
3.86
3.90
3.78
3.26
3.84