ttime
0.18
0.53
0.45
0.91
0.95
1.06
0.97
1.73
1.86
2.10
1.93
2.19
2.25
2.26
1.57
2.42
2.59
2.68
2.78
2.77
2.85
2.85
2.90
3.01
3.09
2.97
2.97
3.02
2.95
3.02
3.15
3.12
4.52
11.84
4.42
3.45
3.53
5.47
3.54
3.68
3.71
3.88
3.76
3.80
3.80
3.92
3.80
3.79
3.91
3.87
3.90
3.88
3.98
3.90
3.92
3.84
3.85
3.86
3.79
3.89
3.77
3.90
3.28
5.19
5.23
6.18
6.35
5.35
5.20
6.07
5.27
5.32
6.41
5.42
6.25
6.22
6.21
6.39
5.29
6.42
5.60
5.61
5.46
5.51
5.55
5.59
6.45
5.67
8.58
5.66
5.66
5.71
5.82
5.72
5.63
5.59
5.58
5.59
5.52
5.62
5.63
5.59
6.22
6.39
5.53
5.59
5.52
5.61
5.68
5.64
5.60
6.70
6.68
6.60
5.70
5.88
5.78
5.89
5.74
6.84
5.84
5.90
5.93
6.24
5.79
5.74
5.57
8.04
8.28
8.38
8.05
8.49
8.87
10.63
10.20
10.41
10.82
10.93
11.39
11.89
12.70
12.45
13.43
13.10
14.46
14.78
14.90
16.14
16.37
16.70
16.12
17.14
17.07
18.83
23.95
19.19
21.11
21.07
20.13
22.04
23.92
22.53
23.86
32.85
22.38
24.47
23.96
25.28
25.38
24.29
30.11
26.84
33.80
26.81
26.74
27.93
28.37
29.01
29.13
30.15
31.94
31.58
30.13
35.27
35.78
31.85
32.92
32.19
34.83
30.43
32.84
34.40
33.21
33.73
35.02
34.16
36.25
32.63
39.34
38.53
43.61
35.48
38.06
35.04
37.02
38.90
36.59
40.53
36.10
34.91
40.27
31.81
49.65
35.94
43.88
46.52
37.60
36.73
39.31
43.10
32.31
34.11
40.15
42.23
34.97
34.69
52.14
36.45
43.34
37.11
37.73
38.13
36.16
34.56
36.43
41.85
44.87
43.35
40.05
41.09
39.18
46.71
42.51
40.18
43.43
57.57
40.90
44.37
49.24
48.35
39.15
47.78
52.84
48.54
12.99