ttime
0.16
0.28
0.18
0.30
0.37
0.48
0.79
1.14
1.15
1.15
1.15
1.20
1.15
1.30
1.21
1.78
1.78
1.84
1.79
1.88
1.89
1.92
1.90
1.90
1.85
1.84
1.89
1.91
1.90
2.00
1.82
2.87
2.67
2.51
2.53
2.50
2.55
2.63
2.64
2.54
2.53
2.58
2.94
2.55
2.57
2.88
2.71
2.91
3.36
2.64
2.58
2.59
2.58
2.76
2.63
2.69
2.90
2.84
2.61
2.59
2.60
2.71
2.18
1.92
2.07
2.04
2.48
2.46
2.19
2.37
2.40
2.40
2.42
2.54
2.56
2.56
2.58
2.80
3.88
2.97
2.84
2.94
2.80
2.99
2.90
2.92
3.21
3.47
3.02
3.03
2.95
3.09
3.09
3.10
3.10
3.91
3.35
3.30
3.28
3.40
3.33
4.28
3.34
3.80
3.49
3.97
3.57
3.66
3.57
3.59
3.62
3.70
3.63
3.70
3.93
3.77
3.85
3.94
3.89
3.88
3.95
4.02
3.92
3.91
3.52
3.65
3.62
2.39
2.86
2.47
2.77
2.67
2.83
3.08
3.62
3.66
3.40
3.17
3.89
3.22
3.33
3.39
3.70
3.64
3.42
3.79
3.94
3.47
3.84
4.33
4.84
8.15
4.51
5.29
4.98
4.65
5.18
5.07
5.16
5.38
6.21
5.83
6.06
6.15
6.08
8.05
6.73
6.75
7.94
6.81
7.85
7.71
7.67
8.52
7.71
7.12
7.57
8.50
9.41
9.32
8.70
9.51
9.50
9.19
8.55
8.46
9.89
8.33
10.56
9.26
4.69
6.00
6.31
6.06
6.11
6.09
6.16
6.00
6.69
6.84
7.41
6.84
6.22
7.71
7.77
7.45
6.67
7.84
7.83
7.07
7.73
7.79
8.30
8.64
8.22
8.40
8.62
8.72
7.65
8.11
8.45
8.17
7.22
7.18
8.01
7.56
8.87
9.36
7.56
8.01
8.48
8.75
9.12
8.18
9.14
8.70
8.91
8.95
9.06
9.88
15.04
9.91
10.03
9.87
10.91
10.39
11.80
11.02
10.99
10.32
11.93
11.91
12.41
12.80
2.69