ttime
0.18
0.52
0.45
0.82
1.03
1.07
0.99
1.74
1.92
1.92
2.13
2.17
2.24
2.26
1.52
2.42
2.58
2.71
2.73
2.77
2.86
2.83
2.88
2.96
3.02
2.97
2.97
3.04
3.04
2.98
2.29
3.07
4.59
3.41
4.20
3.43
3.52
3.65
3.56
4.65
3.80
4.79
3.76
3.78
4.72
5.66
4.87
3.78
3.92
3.88
3.89
3.90
3.85
3.92
5.13
3.95
3.86
3.83
3.80
3.90
3.74
3.83
3.25
5.13
5.34
5.28
5.28
5.38
6.41
6.39
5.41
5.43
6.49
5.28
5.29
5.35
5.41
5.41
5.48
5.50
11.41
5.67
5.66
5.74
5.63
5.60
6.03
5.62
5.67
5.68
5.78
6.56
5.75
5.49
5.86
5.64
5.26
5.30
5.59
5.62
5.58
5.56
5.65
8.07
5.57
5.55
5.59
5.62
9.61
5.73
6.46
5.55
5.80
5.70
5.22
5.76
6.82
6.41
5.74
5.88
5.75
6.78
5.68
5.84
5.75
5.66
5.76
7.92
8.19
8.05
7.90
9.15
8.79
9.35
10.19
10.31
10.69
11.01
11.26
11.59
12.73
12.71
13.18
13.56
13.82
14.91
14.84
15.72
16.37
18.57
18.20
17.47
17.73
20.19
20.25
18.67
18.67
21.82
23.15
22.65
28.87
28.16
29.42
28.96
28.89
25.54
25.45
27.01
26.16
26.65
27.35
31.61
26.34
29.17
27.88
28.36
27.79
29.03
29.92
28.68
29.79
27.89
28.93
30.55
30.24
31.25
32.49
35.95
32.98
33.38
32.73
32.80
39.65
35.25
42.75
42.61
42.66
32.25
35.62
29.53
35.56
36.03
34.22
44.40
40.39
36.34
31.24
37.77
47.81
38.24
45.13
34.83
47.41
40.05
43.17
40.10
35.82
35.36
33.65
44.65
42.58
41.32
35.37
39.86
40.00
47.35
46.55
36.84
35.72
35.69
39.92
59.36
40.27
36.94
38.24
37.90
38.39
41.41
37.65
39.95
45.43
41.54
43.15
43.10
39.73
56.57
53.80
57.01
39.27
51.26
60.95
48.06
43.76
52.34
14.36