ttime
0.14
0.24
0.14
0.24
0.28
0.38
0.88
1.03
1.03
1.20
1.14
1.14
1.40
1.44
1.66
2.05
1.93
1.95
2.00
2.33
2.21
2.30
2.41
2.34
2.39
2.54
2.78
2.84
2.80
3.01
3.22
3.87
3.68
3.76
3.67
3.66
3.94
3.80
4.05
4.21
4.08
4.36
5.00
4.47
4.58
4.70
5.19
4.93
4.96
4.97
5.25
5.36
5.60
5.64
5.73
5.89
5.55
5.85
5.73
5.81
6.06
6.22
5.10
5.15
5.46
6.00
6.05
6.73
6.47
6.12
6.69
6.68
7.80
7.57
7.78
7.71
7.50
7.55
8.04
8.39
9.81
8.61
9.79
9.48
9.41
9.52
9.89
10.10
10.79
10.35
10.67
10.79
11.71
10.46
10.51
10.48
11.20
10.90
11.38
11.60
11.60
11.86
11.84
11.70
11.60
11.89
13.15
12.53
13.31
12.87
13.23
11.88
11.90
12.27
12.32
13.48
13.57
13.24
13.37
13.61
12.74
13.22
13.04
12.59
13.57
14.15
13.37
14.31
12.96
13.61
14.33
15.22
15.17
13.87
13.47
14.67
14.30
14.76
15.17
14.71
18.00
15.61
14.91
17.28
16.08
15.87
18.15
18.80
19.06
17.58
17.56
17.00
18.24
18.41
18.63
18.91
18.38
19.36
19.11
19.07
18.71
18.75
21.01
21.11
22.52
24.24
21.38
22.56
21.50
22.41
23.21
22.18
22.94
22.48
23.55
25.44
24.01
24.31
24.53
24.92
25.73
28.14
26.03
24.96
25.56
25.48
27.30
28.26
26.93
27.33
26.98
26.86
27.55
29.14
28.83
29.45
29.65
31.68
30.61
30.97
30.45
31.65
30.50
32.29
31.09
31.44
33.43
30.73
32.45
31.90
34.60
33.15
34.28
37.99
32.89
34.32
51.04
34.50
35.94
35.37
34.21
35.93
34.50
34.32
35.00
36.16
36.07
35.38
35.00
36.05
36.83
36.43
37.42
37.37
37.91
37.05
38.14
37.95
38.17
37.47
39.59
38.29
38.50
38.40
39.11
37.73
38.67
38.03
40.08
38.34
39.61
38.77
40.21
37.03
39.44