bw
30.46
30.32
29.92
12.61
14.09
12.64
14.12
12.75
12.98
12.92
12.92
12.84
12.99
12.91
12.99
12.22
12.37
12.30
12.35
12.24
12.33
11.30
12.34
12.18
12.28
12.19
12.23
12.06
12.37
12.21
12.18
11.19
11.21
11.28
11.24
11.16
11.39
11.29
11.30
11.11
11.16
11.23
11.32
11.16
11.21
11.10
11.18
10.58
10.45
10.66
10.68
10.55
10.72
10.31
10.74
10.78
10.21
10.58
10.63
10.67
10.59
10.72
10.82
7.08
7.07
7.08
7.06
7.04
7.05
7.07
7.05
7.03
7.10
7.07
7.08
6.71
7.13
7.12
7.12
6.76
6.76
6.75
6.78
6.59
6.78
6.59
6.62
6.73
6.83
6.77
6.75
6.77
6.61
6.75
6.80
6.58
6.58
6.58
6.58
6.58
6.58
6.58
6.58
6.58
6.58
6.58
6.58
6.58
6.58
6.58
6.58
6.37
6.39
6.49
6.49
6.84
6.53
6.67
6.37
6.51
6.55
6.45
6.56
6.50
6.35
6.51
6.54