ttime
0.14
0.26
0.13
0.26
0.28
0.39
0.87
0.97
1.00
1.13
1.10
1.15
1.33
1.44
1.66
2.05
1.93
1.95
1.97
2.09
2.25
2.27
2.44
2.32
2.39
2.60
2.69
2.68
2.80
2.84
3.14
3.78
3.64
3.65
3.61
3.63
3.63
3.75
4.01
4.39
4.01
4.27
4.46
4.38
4.77
4.78
5.07
4.94
4.78
5.21
5.22
5.19
5.93
5.40
5.69
5.81
5.57
6.18
6.15
6.32
6.09
6.41
5.10
5.08
5.95
5.95
6.45
6.06
6.94
6.40
6.57
6.89
6.96
7.23
8.11
7.42
8.04
8.18
8.00
8.60
8.78
8.77
8.93
9.00
9.73
10.03
9.74
10.01
9.65
9.93
10.92
10.95
11.05
10.64
10.68
11.03
11.38
11.37
11.35
11.74
11.77
11.81
11.67
11.93
12.02
12.22
12.93
12.83
13.05
12.75
12.77
13.49
13.69
13.30
13.46
14.43
13.60
13.01
13.86
14.46
13.85
13.51
13.98
14.29
14.35
14.06
12.15