ttime
0.19
0.52
0.46
0.90
0.96
1.06
0.98
1.75
1.87
1.91
2.12
2.18
2.24
2.26
1.56
2.42
2.60
2.72
2.73
2.81
2.83
2.85
2.89
2.94
3.00
2.96
3.02
3.02
2.98
3.02
2.30
3.06
3.27
4.53
3.45
4.32
3.59
4.58
3.56
3.65
3.73
3.72
3.78
3.77
4.76
3.83
6.52
3.81
3.88
3.85
3.84
3.91
3.95
3.91
3.93
3.87
4.96
3.86
3.80
4.03
4.87
3.88
3.15
5.05
5.33
5.28
5.27
6.39
5.37
6.19
5.36
5.29
6.35
5.37
5.41
5.45
5.44
5.50
5.48
5.71
6.34
5.53
5.56
5.55
5.83
5.58
5.25
5.65
5.83
5.45
5.67
5.78
5.71
5.80
6.12
5.66
5.92
5.60
5.57
5.72
6.25
5.61
5.60
5.51
5.30
9.03
5.60
7.78
6.27
5.74
5.66
5.84
5.67
5.73
6.46
5.51
5.81
5.85
5.81
5.86
5.93
5.79
5.78
5.79
5.71
5.76
5.57
8.94
7.99
8.47
8.11
8.60
8.55
9.77
11.04
12.26
10.92
11.07
11.65
11.60
12.16
12.31
14.02
16.87
14.15
15.28
15.31
15.32
15.71
16.64
17.06
17.53
17.73
19.26
19.40
20.82
18.62
20.44
20.68
22.12
29.35
26.89
23.14
22.41
22.36
28.74
24.20
34.40
27.63
27.16
25.91
31.17
29.57
30.37
26.04
31.00
29.63
29.32
37.76
29.41
35.55
30.44
33.72
31.67
32.83
33.45
32.05
32.89
32.76
34.32
32.67
37.84
32.11
32.52
38.20
32.70
29.71
30.41
32.79
31.73
35.09
35.10
31.59
31.48
31.11
31.96
36.71
45.28
44.87
35.35
34.85
36.36
39.86
47.15
35.11
34.10
39.87
34.40
36.39
35.16
39.04
33.55
34.36
32.79
34.08
44.28
36.96
36.67
35.02
45.40
45.53
46.00
36.36
38.68
45.76
42.41
41.98
42.21
44.84
42.66
44.56
47.51
41.09
44.98
48.98
47.56
45.40
46.03
60.53
39.73
37.72
45.00
40.26
38.89
13.33